  n           all     dia2         dia1         rot2         rot4         ort1       ort2   
--------------------------------------------------------------------------------------------
  2             6        3            5            3            2            4          2    
  3             8        4            9            5                                         
  4            49       10           24           16            5           15          4    
  5           216        7           38           13                                        
  6          1244       23          117           94           15           49          8    
  7          6743       17          194          171                                        
  8         47450       49          500          435           55          215         15    
  9        373473       43         1364          780                                        
 10       2976789      139         3495         4057          146         1220         33    
 11      24283032      128        10585         5892                                        
 12     255622585      375        26367        29633          443         6899         62    
 13    2143153858      389        73491        62307                                        
 14   17801695303      976       205057       270114         1222        43577        123    
 15                   1157       768657       740894                                        
 16                   2677      2006678      3366429         4173       338747        291    
 17                   3004      6345193      6205504                                        
 18                   8101     19067013     38008317        13722      2437613        628    
 19                   9356     68076960     78502189                                        
 20                  25794    212352268    479377197        49284     20297407       1622    
 21                  30679    751888583   1213247417                                        
 22                  74960   2374543460   6570172432       178749    182345502       4042    
 23                  93021   9312041385                                                     
 24                 245395                                 719639   1556659135      10237    
 25                 311385                                                                  
 26                 815070                                3025414                   28113    
 27                1024334                                                                  
 28                2710228                               12227312                   76230    
 29                3660642                                                                  
 30                9560364                               34829506                  204582    
 31               12267031                                                                  
 32               33731817                                  ??                     553136    
 33               42871117                                                                  
 34              114826672                              895718044                 1612856    
 35              157257993                                                                  
 36              425969262                             4349113069                 5402209    
 37              572949905                                                                  
 38             1178308188                                                       15707387    
 39             1739039777                                                                  
 40             4298276877                                                       48758679    
 41             6181498776                                                                  
 42                                                                             145837782
 43
 44                                                                             447763446
 45
 46                                                                            1575517068
